jaccard: 0.25673424051018356
const_cos: 0.37139374917893575
cos: 0.4981212392477353
