jaccard: 0.31125667156997017
const_cos: 0.4280138080326951
cos: 0.5304798168302973
