jaccard: 0.2534151888187992
const_cos: 0.35766246362754595
cos: 0.4188040496194094
