jaccard: 0.22459643647198638
const_cos: 0.3180649854510184
cos: 0.3854465665084484
