jaccard: 0.3183277066323674
const_cos: 0.44044879207339416
cos: 0.5059323562043381
