jaccard: 0.3433862165983735
const_cos: 0.47291464597478167
cos: 0.5665878071314273
