jaccard: 0.29090571236677387
const_cos: 0.40957504066139244
cos: 0.4705660290182582
