jaccard: 0.2794967265302695
const_cos: 0.39514818376607974
cos: 0.4561957007082652
